416700.676343439 5346611.6686289 517.77
416698.102078088 5346611.89774244 517.77
416699.397935178 5346613.17863203 517.77
416704.584803682 5346614.5140774 517.77
416703.997276127 5346609.91064066 517.77
416702.405929985 5346609.70051411 517.77
416701.477423741 5346607.78461707 517.77
416702.039623431 5346607.20629043 517.77
416702.748023811 5346603.50983477 517.77
416708.328629742 5346602.88320678 517.77
416709.547805861 5346602.76363289 517.77
416710.797182823 5346608.98779502 517.77
416710.610366837 5346609.51023125 517.77
416708.98986594 5346611.36570594 517.77
416707.818070384 5346612.32200088 517.77
416712.025681261 5346615.28253499 517.77
416714.833950391 5346614.36868784 517.77
416715.636372824 5346614.00595958 517.77
416714.460812918 5346618.94533248 517.77
416716.330079025 5346619.52766282 517.77
416714.456909197 5346622.18078944 517.77
416713.58891433 5346625.77568874 517.77
416718.516824781 5346630.8044617 517.77
416724.646140171 5346623.92618426 517.77
416728.016845808 5346626.63623613 517.77
416730.908679543 5346622.55839948 517.77
416728.678165628 5346618.46858927 517.77
416727.406988693 5346616.52740813 517.77
416724.023482953 5346620.64440749 517.77
416726.30380344 5346613.16258681 517.77
416720.445883841 5346612.17673331 517.77
416719.171068205 5346608.20259943 517.77
416724.628217509 5346605.61562245 517.77
416722.325773016 5346603.43315841 517.77
416723.124130642 5346601.94036302 517.77
416720.037662877 5346598.56561091 517.77
416716.976139981 5346604.68749884 517.77
416715.762446863 5346603.65573221 517.77
416713.771208815 5346601.87877157 517.77
416713.697895059 5346605.61938294 517.77
416733.688567673 5346740.56599574 517.77
416733.511728628 5346742.73162313 517.77
416734.359666544 5346744.28547696 517.77
416735.665460469 5346745.99338853 517.77
416739.17463228 5346746.65375642 517.77
416741.364568524 5346744.42893538 517.77
416744.575059311 5346743.38897163 517.77
416748.332330908 5346742.77791447 517.77
416750.985122606 5346745.79288227 517.77
416752.967953518 5346746.09019684 517.77
416755.026782719 5346746.66236312 517.77
416753.668487283 5346748.2387109 517.77
416753.989786504 5346741.01310443 517.77
416751.831412912 5346737.14622958 517.77
416748.175762414 5346736.59545574 517.77
416744.661277852 5346730.65449597 517.77
416743.864881697 5346728.07690732 517.77
416734.839298436 5346734.07101144 517.77
416727.42745235 5346734.14022782 517.77
416725.901078912 5346733.97322564 517.77
416723.896600968 5346736.46539441 517.77
416723.814160261 5346734.22824853 517.77
416724.30899237 5346732.48587641 517.77
416725.182670804 5346731.0444987 517.77
416749.868318334 5346725.96574781 517.77
416673.393605264 5346644.86069575 517.77
416674.318204182 5346643.37417817 517.77
416671.756078577 5346642.96143064 517.77
416675.969704123 5346643.4150587 517.77
416676.990170117 5346643.32484332 517.77
416679.210200103 5346643.07367698 517.77
416674.891903091 5346640.2800069 517.77
416673.759321837 5346635.40801375 517.77
416673.493968413 5346634.04267797 517.77
416671.609977647 5346634.28724686 517.77
416670.491369541 5346635.62358862 517.77
416669.60377598 5346630.92865094 517.77
416669.952025062 5346629.52541319 517.77
416673.760419003 5346631.32330898 517.77
416675.452407227 5346630.32836023 517.77
416679.31661801 5346634.62934151 517.77
416681.672549385 5346634.87910038 517.77
416682.335151639 5346633.03868247 517.77
416681.377210818 5346638.81093434 517.77
416681.882175008 5346641.07569288 517.77
416682.605206 5346684.31194338 517.77
416804.418251479 5346688.8151049 517.77
416799.4043 5346686.171 517.77
416795.5757 5346682.424 517.77
416794.5375 5346683.49 517.77
416792.165433835 5346680.38792914 517.77
416791.3853 5346683.556 517.77
416792.3544 5346690.07 517.77
416793.6884 5346693.879 517.77
416789.011911052 5346691.27891836 517.77
416788.8155 5346693.149 517.77
416785.6527 5346693.881 517.77
416783.2579 5346692.105 517.77
416783.1988 5346693.523 517.77
416782.7747 5346694.119 517.77
416781.0674 5346697.59 517.77
416784.1407 5346686.284 517.77
416786.3978 5346688.316 517.77
416787.832217808 5346684.691668 517.77
416786.5233 5346680.56 517.77
416785.3661 5346682.18 517.77
416782.9444 5346680.155 517.77
416779.9355 5346679.988 517.77
416779.5873 5346684.647 517.77
416779.2921 5346674.314 517.77
416777.241 5346669.643 517.77
416780.7954 5346671.081 517.77
416782.623 5346672.773 517.77
416785.2335 5346672.814 517.77
416787.3286 5346675.382 517.77
416791.065 5346675.113 517.77
416791.969088358 5346673.5349121 517.77
416791.3361 5346673.34 517.77
416784.886509064 5346669.62631893 517.77
416782.770616307 5346669.17946205 517.77
416781.101283168 5346666.47593415 517.77
416790.0295 5346666.47 517.77
416791.051 5346664.971 517.77
416793.4325 5346668.997 517.77
416796.2274 5346665.835 517.77
416797.2301 5346666.926 517.77
416801.091 5346673.142 517.77
416799.5924 5346675.157 517.77
416801.3206 5346677.278 517.77
416802.4877 5346674.636 517.77
416801.624 5346668.727 517.77
416800.6086 5346665.23 517.77
416798.8622 5346658.732 517.77
416796.9567 5346652.567 517.77
416793.8844 5346651.862 517.77
416791.9398 5346653.199 517.77
416792.9267 5346655.155 517.77
416790.184 5346656.118 517.77
416790.7064 5346658.382 517.77
416786.1092 5346652.551 517.77
416782.5155 5346657.053 517.77
416782.7256 5346659.745 517.77
416782.1656 5346660.039 517.77
416779.3339 5346659.077 517.77
416772.9171 5346657.674 517.77
416776.3927 5346655.47 517.77
416775.4591 5346653.921 517.77
416778.1687 5346652.394 517.77
416779.3103 5346652.092 517.77
416782.0256 5346649.433 517.77
416780.9837 5346648.228 517.77
416779.7409 5346645.401 517.77
416784.206735336 5346645.62234901 517.77
416785.7833 5346643.289 517.77
416791.6514 5346649.403 517.77
416790.2753 5346644.633 517.77
416795.3392 5346645.244 517.77
416796.4148 5346645.857 517.77
416796.0898 5346642.586 517.77
416793.734234786 5346636.05163235 517.77
416790.669092717 5346637.39309873 517.77
416789.5838 5346632.686 517.77
416787.518825523 5346633.58074976 517.77
416785.8297 5346630.835 517.77
416787.249898332 5346627.01124267 517.77
416789.708661219 5346627.90766664 517.77
416790.611709031 5346625.44620704 517.77
416787.457661716 5346624.84008166 517.77
416782.622717068 5346628.23131584 517.77
416782.969960086 5346629.68724826 517.77
416779.677016052 5346631.88032158 517.77
416778.9924 5346637.885 517.77
416776.2137 5346638.524 517.77
416777.2791 5346641.23 517.77
416774.5212 5346642.288 517.77
416774.914 5346643.605 517.77
416772.3034 5346647.643 517.77
416771.244879466 5346651.52614018 517.77
416770.0531 5346644.187 517.77
416770.428713739 5346637.05698166 517.77
416773.537334425 5346635.31787117 517.77
416775.2139 5346634.211 517.77
416771.9686 5346631.138 517.77
416769.3659 5346629.067 517.77
416777.1589 5346629.644 517.77
416722.57 5346717.97 517.77
416723.3499 5346714.344 517.77
416722.6513 5346713.425 517.77
416722.572908964 5346712.20353488 517.77
416720.808 5346714.973 517.77
416717.9939 5346713.092 517.77
416717.2207 5346712.262 517.77
416734.195 5346713.668 517.77
416734.6257 5346719.149 517.77
416733.31584027 5346723.19888513 517.77
416732.619477378 5346725.21219705 517.77
416730.259656429 5346727.9787824 517.77
416738.060509413 5346725.30780086 517.77
416739.886697624 5346725.99565795 517.77
416738.4272 5346723.247 517.77
416743.4253 5346722.007 517.77
416740.0312 5346716.594 517.77
416743.9773 5346717.207 517.77
416745.1303 5346718.025 517.77
416747.2263 5346716.816 517.77
416745.172 5346714.782 517.77
416744.64379657 5346711.38451652 517.77
416748.861 5346720.54 517.77
416748.7209 5346720.22 517.77
416749.4765 5346717.345 517.77
416747.569969154 5346704.64158048 517.77
416739.4636 5346706.834 517.77
416762.702341668 5346752.74036259 517.77
416761.931 5346751.534 517.77
416766.393617669 5346752.62880754 517.77
416761.782673965 5346748.23251959 517.77
416766.976118174 5346751.41925722 517.77
416766.766956342 5346748.38758636 517.77
416768.7164 5346747.965 517.77
416769.008561006 5346748.66228475 517.77
416770.193675393 5346747.5573393 517.77
416774.700794075 5346751.16118068 517.77
416776.0993 5346746.996 517.77
416773.569270089 5346745.97995015 517.77
416774.9529 5346743.898 517.77
416778.6524 5346746.54 517.77
416778.830974767 5346744.13253702 517.77
416783.351 5346747.389 517.77
416781.7332 5346740.591 517.77
416780.7681 5346739.877 517.77
416777.7705 5346740.433 517.77
416775.4024 5346739.872 517.77
416773.2462 5346738.235 517.77
416771.509748896 5346734.34549848 517.77
416771.921609927 5346728.60206856 517.77
416776.531076097 5346734.21998593 517.77
416777.450009685 5346738.51490833 517.77
416781.3398 5346735.524 517.77
416778.6235672 5346727.47557443 517.77
416766.87293595 5346730.81045161 517.77
416770.432330584 5346743.84757054 517.77
416767.914555806 5346742.73040856 517.77
416768.50292006 5346741.07675876 517.77
416767.001120478 5346740.47696359 517.77
416764.8653 5346745.145 517.77
416761.1903 5346743.541 517.77
416755.854871718 5346744.31321627 517.77
416759.2349 5346736.127 517.77
416763.9346 5346735.576 517.77
416763.4667 5346733.617 517.77
416761.2829 5346732.762 517.77
416759.6732 5346732.515 517.77
416755.6701 5346731.856 517.77
416758.3719 5346727.634 517.77
416758.8623 5346725.003 517.77
416758.407887661 5346722.32365326 517.77
416756.4639 5346721.699 517.77
416759.07145491 5346719.81906647 517.77
416759.5598 5346718.978 517.77
416763.7967 5346720.859 517.77
416764.6361 5346720.022 517.77
416762.634844723 5346726.34926575 517.77
416763.4405 5346724.363 517.77
416765.601 5346723.934 517.77
416767.692 5346721.677 517.77
416770.8917 5346724.317 517.77
416771.4224 5346720.304 517.77
416768.1006 5346717.589 517.77
416769.3015 5346715.943 517.77
416775.3864 5346721.037 517.77
416777.059987353 5346719.86672593 517.77
416774.802243203 5346718.41612997 517.77
416778.4475 5346718.158 517.77
416776.5929 5346715.525 517.77
416776.2458 5346713.212 517.77
416773.424038829 5346714.52451105 517.77
416772.2961 5346713.878 517.77
416771.9579 5346713.213 517.77
416767.2175 5346713.675 517.77
416765.1913 5346712.721 517.77
416763.6064 5346711.62 517.77
416763.1688 5346716.251 517.77
416758.6391 5346714.318 517.77
416757.6645 5346712.975 517.77
416758.986184575 5346711.10666786 517.77
416757.2035 5346708.775 517.77
416755.5785 5346708.599 517.77
416756.8 5346706.28 517.77
416761.6257 5346705.759 517.77
416764.4652 5346708.665 517.77
416767.9502 5346708.15 517.77
416768.4651 5346707.143 517.77
416767.5919 5346702.481 517.77
416766.4804 5346701.502 517.77
416776.3203 5346707.213 517.77
416778.5545 5346706.919 517.77
416782.047054292 5346709.55546557 517.77
416778.9619 5346709.786 517.77
416772.0502 5346705.12 517.77
416735.036 5346708.332 517.77
416728.3168 5346709.111 517.77
416729.4716 5346715.584 517.77
416728.4633 5346721.667 517.77
416725.0846 5346721.58 517.77
416722.35040615 5346723.90940275 517.77
416719.8006 5346726.576 517.77
416719.7724 5346727.231 517.77
416718.978981943 5346721.61016857 517.77
416719.741996328 5346720.67366482 517.77
416718.2429 5346718.644 517.77
416722.6346 5346719.963 517.77
416689.8782 5346653.471 517.77
416687.4291 5346647.879 517.77
416686.0349 5346648.616 517.77
416684.9724 5346651.858 517.77
416685.388 5346653.496 517.77
416682.503404002 5346656.05100302 517.77
416678.949674425 5346650.24731787 517.77
416679.7233 5346648.848 517.77
416678.848316086 5346650.05184107 517.77
416679.1365 5346651.196 517.77
416677.2768 5346650.127 517.77
416676.5352 5346649.644 517.77
416675.172094731 5346652.33207818 517.77
416673.9455 5346653.861 517.77
416673.2379 5346650.499 517.77
416707.1265 5346675.98 517.77
416708.2019 5346680.876 517.77
416706.892255902 5346682.13158061 517.77
416706.556 5346682.565 517.77
416701.4877 5346682.196 517.77
416701.176462633 5346683.43333995 517.77
416699.2697 5346686.347 517.77
416695.7382 5346687.217 517.77
416694.187408874 5346689.68325038 517.77
416691.8611 5346685.765 517.77
416689.3734 5346682.568 517.77
416684.7213 5346680.958 517.77
416683.8952 5346682.556 517.77
416685.5984 5346685.568 517.77
416686.6574 5346684.312 517.77
416687.1842 5346686.484 517.77
416685.5214 5346688.369 517.77
416681.2289 5346689.02 517.77
416691.301580356 5346691.80523988 517.77
416691.294340475 5346691.83419941 517.77
416688.4225 5346692.491 517.77
416692.25024769 5346693.94482955 517.77
416689.5775 5346695.725 517.77
416684.06594073 5346695.87257373 517.77
416686.0792 5346696.343 517.77
416683.9472 5346700.336 517.77
416696.8631 5346694.661 517.77
416697.7434 5346692.026 517.77
416702.213127032 5346689.41139187 517.77
416702.8321 5346687.605 517.77
416706.334829067 5346690.68935962 517.77
416705.079840475 5346692.57023988 517.77
416705.913166957 5346695.15206186 517.77
416710.5294 5346691.033 517.77
416711.341 5346689.538 517.77
416711.9585 5346685.177 517.77
416711.2406 5346683.094 517.77
416707.3592 5346685.454 517.77
416695.2443 5346636.574 517.77
416697.7202 5346636.318 517.77
416692.4973 5346639.809 517.77
416690.2329 5346636.178 517.77
416689.526 5346639.032 517.77
416689.520031232 5346637.44858306 517.77
416684.8411 5346639.668 517.77
416683.682229061 5346640.90662194 517.77
416686.7203 5346642.104 517.77
416685.456 5346642.26047976 517.77
416689.274631058 5346631.02598332 517.77
416690.403327859 5346630.0144743 517.77
416688.024996942 5346629.16246598 517.77
416692.156402011 5346628.77111187 517.77
416689.3173 5346627.785 517.77
416688.0183 5346627.368 517.77
416686.1283 5346629.044 517.77
416684.501 5346627.18 517.77
416681.437462517 5346624.38456927 517.77
416678.631160059 5346624.0507305 517.77
416677.3004 5346624.557 517.77
416676.264749042 5346625.84111569 517.77
416675.774998214 5346625.41394137 517.77
416676.7186 5346627.696 517.77
416669.6544 5346626.04 517.77
416669.6544 5346626.04 517.77
416670.164 5346623.374 517.77
416668.6506 5346623.004 517.77
416667.7807 5346618.569 517.77
416664.1838 5346618.457 517.77
416673.2029 5346620.524 517.77
416676.6245 5346621.935 517.77
416680.461 5346620.972 517.77
416678.093 5346615.194 517.77
416680.6338 5346615.983 517.77
416676.2601 5346614.287 517.77
416684.1522 5346620.475 517.77
416682.8158 5346615.871 517.77
416684.5421 5346613.92 517.77
416682.5937 5346612.451 517.77
416689.7904 5346613.464 517.77
416693.6831 5346618.868 517.77
416691.806 5346620.428 517.77
416691.8494 5346621.478 517.77
416692.1137 5346625.479 517.77
416759.841305701 5346651.30520788 517.77
416760.212499792 5346653.33888388 517.77
416761.2022 5346653.85 517.77
416762.1715 5346649.579 517.77
416761.769189378 5346648.06397061 517.77
416758.9719 5346645.277 517.77
416756.282 5346647.619 517.77
416754.0812 5346645.289 517.77
416752.2226 5346638.12 517.77
416750.1508 5346637.858 517.77
416752.700044769 5346632.6572521 517.77
416753.2647 5346629.221 517.77
416758.9633 5346628.435 517.77
416756.7618 5346635.193 517.77
416757.8892 5346639.375 517.77
416762.1672 5346640.296 517.77
416768.5208 5346648.363 517.77
416768.9975 5346646.629 517.77
416765.3769 5346637.203 517.77
416764.8398 5346634.107 517.77
416756.213622567 5346676.14938879 517.77
416767.1347 5346622.876 517.77
416771.5129 5346617.91 517.77
416774.5869 5346618.186 517.77
416775.82033285 5346622.40906523 517.77
416780.4687 5346622.028 517.77
416779.8273 5346619.633 517.77
416777.525135742 5346617.31453436 517.77
416790.6165 5346618.161 517.77
416788.1945 5346617.406 517.77
416788.424 5346616.876 517.77
416789.7788 5346611.747 517.77
416789.6058 5346610.224 517.77
416791.6183 5346607.774 517.77
416784.6243 5346612.15 517.77
416783.1191 5346612.4 517.77
416778.1145 5346611.643 517.77
416775.4136 5346609.283 517.77
416771.2736 5346609.929 517.77
416764.1195 5346612.239 517.77
416761.316395015 5346610.83792288 517.77
416764.0246 5346608.013 517.77
416767.049 5346607.812 517.77
416764.5531 5346605.859 517.77
416763.2419 5346603.649 517.77
416761.9693 5346597.434 517.77
416760.5556 5346598.513 517.77
416758.1243 5346598.116 517.77
416756.5021 5346597.351 517.77
416758.041 5346595.188 517.77
416769.342637302 5346603.29633766 517.77
416772.3676 5346605.254 517.77
416775.8354 5346605.421 517.77
416777.7705 5346602.547 517.77
416780.16 5346603.579 517.77
416780.8905 5346604.982 517.77
416782.393497703 5346605.67035971 517.77
416783.9724 5346604.184 517.77
416786.845529606 5346604.13430597 517.77
416790.7478 5346603.44 517.77
416785.4219 5346598.482 517.77
416784.3209 5346599.775 517.77
416781.2091 5346600.703 517.77
416781.482106352 5346602.49141782 517.77
416779.4209 5346598.763 517.77
416777.561377133 5346599.94378164 517.77
416772.848984324 5346601.08801581 517.77
416773.6038 5346598.385 517.77
416770.7436 5346597.515 517.77
416769.3551 5346593.008 517.77
416769.3551 5346593.008 517.77
416767.6249 5346591.265 517.77
416770.5648 5346589.054 517.77
416773.2292 5346593.763 517.77
416774.4604 5346592.571 517.77
416776.651978519 5346589.08762066 517.77
416780.0026 5346591.47 517.77
416780.4208 5346593.838 517.77
416783.0989 5346588.423 517.77
416783.6289 5346585.384 517.77
416785.351799504 5346588.40858646 517.77
416785.4232 5346590.258 517.77
416787.8164 5346589.414 517.77
416790.6523 5346589.079 517.77
416789.4168 5346586.952 517.77
416789.7544 5346584.771 517.77
416788.8137 5346593.147 517.77
416788.6396 5346595.201 517.77
416702.6332 5346634.96 517.77
416701.8421 5346632.905 517.77
416700.4011 5346631.45 517.77
416704.7905 5346632.038 517.77
416703.11977269 5346629.01591382 517.77
416701.9057 5346626.645 517.77
416701.0032 5346625.689 517.77
416703.9912 5346624.407 517.77
416706.2953 5346626.951 517.77
416706.978180893 5346629.82584357 517.77
416709.48332297 5346632.51135454 517.77
416709.5165 5346634.792 517.77
416713.8011 5346632.478 517.77
416714.6702 5346633.183 517.77
416709.9881 5346629.036 517.77
416708.2016 5346626.262 517.77
416705.7595 5346622.429 517.77
416706.6508 5346618.406 517.77
416699.2798 5346618.81 517.77
416696.9242 5346621.013 517.77
416693.9794 5346612.549 517.77
416692.9445 5346611.562 517.77
416692.3897 5346607.579 517.77
416696.3137 5346606.074 517.77
416698.1031 5346605.982 517.77
416698.6051 5346608.101 517.77
416810.0146 5346736.722 517.77
416808.7414 5346738.807 517.77
416807.641136279 5346735.62310667 517.77
416809.5523 5346732.696 517.77
416810.2572 5346727.356 517.77
416808.315517894 5346730.70364141 517.77
416808.9418 5346726.465 517.77
416806.2484 5346727.512 517.77
416804.665432663 5346728.77741703 517.77
416806.510544948 5346730.24407201 517.77
416804.2099 5346737.279 517.77
416804.629959598 5346736.7432725 517.77
416803.362980356 5346738.727 517.77
416800.236 5346741.59 517.77
416794.992 5346742.824 517.77
416794.4052 5346737.912 517.77
416795.6189 5346737.672 517.77
416795.4035 5346736.099 517.77
416796.166989498 5346735.42927834 517.77
416791.1792 5346733.9 517.77
416787.37243866 5346744.89927859 517.77
416785.688786125 5346742.89582901 517.77
416787.8481 5346739.204 517.77
416784.8638 5346737.021 517.77
416787.9482 5346732.281 517.77
416791.1631 5346732.194 517.77
416783.707 5346729.342 517.77
416782.8449 5346728.508 517.77
416785.5786 5346727.581 517.77
416800.940479584 5346732.7299336 517.77
416800.8346 5346727.439 517.77
416799.0644 5346728.572 517.77
416795.3173 5346727.604 517.77
416795.251285619 5346724.85361175 517.77
416790.911294282 5346725.45369368 517.77
416787.1625 5346723.048 517.77
416791.6588 5346722.011 517.77
416784.7535 5346716.786 517.77
416788.6567 5346715.167 517.77
416787.7113 5346714.079 517.77
416782.1295 5346712.109 517.77
416785.8682 5346709.511 517.77
416787.4955 5346711.504 517.77
416788.23159003 5346710.71419003 517.77
416791.8306 5346712.923 517.77
416798.626 5346720.431 517.77
416804.785994158 5346716.08702002 517.77
416805.9796 5346719.386 517.77
416804.0153 5346718.363 517.77
416808.5758 5346716.673 517.77
416808.10427951 5346714.30573432 517.77
416806.7353 5346721.581 517.77
416803.9539 5346709.239 517.77
416803.4229 5346710.386 517.77
416802.735386854 5346712.36458571 517.77
416800.6407 5346710.434 517.77
416799.2243 5346710.47 517.77
416796.7768 5346708.006 517.77
416792.0864 5346709.005 517.77
416790.4352 5346708.453 517.77
416791.63433428 5346709.64087761 517.77
416785.1661 5346707.558 517.77
416785.7333 5346708.431 517.77
416781.1107 5346706.49 517.77
416785.0256 5346704.511 517.77
416780.4629 5346702.835 517.77
416784.5455 5346702.206 517.77
416787.6208 5346700.834 517.77
416793.3357 5346705.553 517.77
416794.9865 5346701.156 517.77
416793.902157302 5346699.00648504 517.77
416796.5665 5346698.397 517.77
416800.0859 5346700.862 517.77
416798.950386642 5346702.90794048 517.77
416801.489577842 5346704.5190691 517.77
416802.620300491 5346697.63999393 517.77
416808.3551 5346702.09 517.77
416805.9997 5346703.889 517.77
416807.4444 5346695.859 517.77
416803.0061 5346695.975 517.77
416762.016 5346621.68 517.77
416762.4043 5346619.717 517.77
416758.1476 5346616.75 517.77
416755.5616 5346618.058 517.77
416754.8989 5346623.573 517.77
416752.4152 5346619.222 517.77
416753.4754925 5346617.45772958 517.77
416754.5129 5346615.591 517.77
416751.6868 5346615.795 517.77
416760.045343339 5346613.5895303 517.77
416756.907 5346610.701 517.77
416758.9982 5346606.647 517.77
416758.3973 5346605.312 517.77
416752.1967 5346606.569 517.77
416750.1496 5346612.067 517.77
416757.0496 5346609.96 517.77
416743.726020932 5346612.48419314 517.77
416745.6168 5346619.974 517.77
416744.788168278 5346627.80651726 517.77
416735.123 5346625.306 517.77
416735.790680957 5346624.32817656 517.77
416739.4444 5346621.092 517.77
416733.000833738 5346618.42689936 517.77
416734.7289 5346616.678 517.77
416737.1633 5346614.956 517.77
416737.807 5346614.124 517.77
416736.4923 5346613.946 517.77
416732.9422 5346613.217 517.77
416728.8072 5346613.219 517.77
416729.9764 5346609.032 517.77
416729.478152647 5346605.55793074 517.77
416727.490509498 5346603.74864204 517.77
416728.3567 5346602.892 517.77
416726.4371 5346602.329 517.77
416726.9594 5346598.032 517.77
416730.9942 5346598.109 517.77
416731.6533 5346596.613 517.77
416735.1761 5346601.396 517.77
416737.140779763 5346601.27847976 517.77
416737.488294069 5346600.03322017 517.77
416740.0619 5346597.531 517.77
416742.6966 5346595.481 517.77
416740.3554 5346605.058 517.77
416739.6619 5346605.295 517.77
416745.0854 5346603.595 517.77
416746.2257 5346605.652 517.77
416746.8716 5346604.867 517.77
416747.991 5346600.362 517.77
416751.3321 5346599.418 517.77
416750.5315 5346594.426 517.77
416758.1243 5346598.116 517.77
416757.3469 5346600.027 517.77
416753.695953127 5346598.52223338 517.77
416724.3603 5346752.007 517.77
416727.7958 5346750.934 517.77
416725.407034157 5346747.73384108 517.77
416723.2567 5346744.124 517.77
416725.358 5346744.437 517.77
416727.3004 5346741.641 517.77
416729.515893084 5346742.41588658 517.77
416736.493410265 5346751.69458972 517.77
416739.5002 5346754.684 517.77
416740.038606951 5346750.95661801 517.77
416743.4499 5346753.502 517.77
416752.475357117 5346750.62977173 517.77
416748.2683 5346750.203 517.77
416748.5884 5346749.9 517.77
416809.2123 5346777.505 517.77
416816.3741 5346772.811 517.77
416817.4192 5346772.319 517.77
416816.1416 5346766.405 517.77
416810.52060667 5346769.58112356 517.77
416809.8855 5346767.408 517.77
416808.0239 5346768.914 517.77
416805.77 5346769.858 517.77
416802.9391 5346768.493 517.77
416801.1486 5346768.976 517.77
416800.9881 5346766.968 517.77
416799.972 5346768.983 517.77
416798.0114 5346771.487 517.77
416793.5896 5346772.064 517.77
416791.382541712 5346772.06959886 517.77
416791.9373 5346769.67 517.77
416792.6403 5346768.304 517.77
416790.0918 5346765.17 517.77
416796.5831 5346764.553 517.77
416799.312 5346761.442 517.77
416804.2935 5346762.361 517.77
416804.7552 5346761.147 517.77
416806.645053431 5346761.91897753 517.77
416808.2559 5346760.624 517.77
416808.9631 5346761.223 517.77
416810.857800362 5346761.71736408 517.77
416813.6106 5346763.616 517.77
416810.8968 5346758.522 517.77
416814.833335784 5346757.97584372 517.77
416810.8968 5346758.522 517.77
416811.319 5346752.879 517.77
416811.8036 5346751.49 517.77
416811.0342 5346750.98 517.77
416809.4445 5346751.486 517.77
416809.919149126 5346749.63575513 517.77
416810.110635875 5346754.75368117 517.77
416806.568431802 5346753.43092105 517.77
416807.281560119 5346754.72685982 517.77
416807.421019941 5346756.04961994 517.77
416805.3006 5346755.457 517.77
416803.8384 5346754.082 517.77
416803.2671 5346752.115 517.77
416801.537277718 5346752.42064263 517.77
416801.1631 5346751.52 517.77
416799.9261 5346756.37 517.77
416799.783687224 5346756.99352135 517.77
416796.6155 5346756.747 517.77
416791.0147 5346757.048 517.77
416790.957797017 5346753.51392274 517.77
416794.368577245 5346750.70039317 517.77
416794.751631487 5346750.07548108 517.77
416793.264995644 5346749.18589291 517.77
416794.6039 5346747.649 517.77
416808.288278648 5346743.62383061 517.77
416811.0077 5346743.984 517.77
416809.620360119 5346742.64261994 517.77
416811.017657226 5346742.16478777 517.77
416700.5288 5346663.305 517.77
416706.9483 5346660.808 517.77
416704.2509 5346653.191 517.77
416702.9476 5346649.519 517.77
416702.1224 5346648.071 517.77
416702.0913 5346643.654 517.77
416700.5161 5346641.547 517.77
416699.5169 5346642.569 517.77
416700.8787 5346647.945 517.77
416697.99282672 5346645.63335837 517.77
416698.3727 5346647.503 517.77
416701.9548 5346650.844 517.77
416698.262 5346654.974 517.77
416694.2258 5346652.067 517.77
416697.0726 5346659.145 517.77
416695.1192 5346660.352 517.77
416694.4675 5346663.161 517.77
416691.18605445 5346651.34904623 517.77
416686.3241 5346661.364 517.77
416697.6759 5346652.505 517.77
416685.303678794 5346659.31093984 517.77
416683.8027 5346661.626 517.77
416686.3241 5346661.364 517.77
416683.8027 5346661.626 517.77
416680.2689 5346659.803 517.77
416679.072986 5346661.31306939 517.77
416677.6535 5346665.964 517.77
416681.314 5346661.464 517.77
416681.453834456 5346665.59421634 517.77
416683.8027 5346661.626 517.77
416683.2686 5346666.366 517.77
416674.8439 5346659.255 517.77
416682.013094859 5346656.24588225 517.77
416681.629825081 5346673.51434419 517.77
416678.9255 5346674.943 517.77
416678.0477 5346675.108 517.77
416682.317204428 5346677.51304976 517.77
416682.831 5346679.668 517.77
416679.9869 5346680.956 517.77
416679.0059 5346680.962 517.77
416752.5001 5346699.697 517.77
416757.609323226 5346690.81142888 517.77
416756.37753093 5346686.38168906 517.77
416758.8638 5346685.165 517.77
416761.2845 5346682.997 517.77
416765.4276 5346689.439 517.77
416765.624804953 5346686.18650916 517.77
416767.171462722 5346686.43751472 517.77
416768.351625836 5346687.4734634 517.77
416771.2129 5346689.28 517.77
416771.068727167 5346691.3280177 517.77
416774.334 5346689.061 517.77
416775.7884 5346691.059 517.77
416777.0816 5346691.603 517.77
416777.0816 5346691.603 517.77
416776.081 5346694.873 517.77
416773.1083 5346697.297 517.77
416778.6034 5346696.586 517.77
416773.9081 5346685.758 517.77
416772.083 5346687.301 517.77
416770.6176 5346684.318 517.77
416767.002000128 5346680.27069517 517.77
416764.7629 5346680.314 517.77
416764.2161 5346679.781 517.77
416762.496 5346679.403 517.77
416760.735001361 5346680.29887492 517.77
416756.1138 5346679.206 517.77
416750.37066046 5346688.15823629 517.77
416748.996112628 5346688.08310012 517.77
416748.56184736 5346693.3430275 517.77
416748.5049 5346680.434 517.77
416744.1089 5346680.126 517.77
416744.1052 5346676.295 517.77
416745.4225 5346674.983 517.77
416744.8212 5346672.379 517.77
416752.3074 5346676.334 517.77
416756.816559849 5346672.87904551 517.77
416761.8695 5346673.716 517.77
416764.1878 5346676.207 517.77
416765.2892 5346672.364 517.77
416763.8753 5346671.177 517.77
416760.9313 5346669.937 517.77
416760.7331 5346669.42 517.77
416770.0161 5346670.033 517.77
416771.2235 5346668.007 517.77
416771.2235 5346668.007 517.77
416774.1572 5346670.918 517.77
416773.6612 5346676.878 517.77
416775.8402 5346678.519 517.77
416772.2792 5346662.778 517.77
416770.3047 5346661.989 517.77
416768.431595124 5346662.94134685 517.77
416767.419585916 5346660.33954011 517.77
416771.8362 5346660.108 517.77
416770.140797555 5346654.21213617 517.77
416769.2323 5346655.067 517.77
416767.4654 5346655.867 517.77
416767.2095 5346654.845 517.77
416766.6998 5346653.566 517.77
416762.23941413 5346660.46289124 517.77
416760.866209219 5346660.16849754 517.77
416759.2063 5346659.579 517.77
416753.0518 5346658.673 517.77
416746.0661 5346655.951 517.77
416741.8332 5346662.741 517.77
416744.552 5346661.555 517.77
416750.945910936 5346663.20724665 517.77
416752.6577 5346663.293 517.77
416750.3825 5346666.202 517.77
416756.601240956 5346666.10810596 517.77
416755.5003 5346669.68 517.77
416754.7123 5346670.372 517.77
416748.0871 5346670.863 517.77
416759.180690109 5346671.09786098 517.77
416759.8454 5346665.207 517.77
416757.7683 5346664.834 517.77
416758.6648 5346663.852 517.77
416693.315619659 5346758.65533862 517.77
416691.957879468 5346757.03081961 517.77
416695.316452703 5346758.70546251 517.77
416694.2957 5346756.997 517.77
416694.54 5346756.295 517.77
416694.439108061 5346755.34322948 517.77
416701.013031053 5346757.6452438 517.77
416700.49027966 5346757.23434324 517.77
416700.463921999 5346756.48141995 517.77
416695.828563591 5346754.60571188 517.77
416702.4764 5346756.848 517.77
416705.2912 5346757.134 517.77
416704.0446 5346755.137 517.77
416705.339494329 5346753.88636696 517.77
416703.1725 5346750.885 517.77
416701.166656894 5346750.9815623 517.77
416700.2044 5346749.534 517.77
416699.3152 5346750.533 517.77
416703.803119897 5346748.4413305 517.77
416708.128905781 5346749.69753264 517.77
416710.2575 5346753.391 517.77
416712.246 5346753.026 517.77
416712.364746118 5346748.06045589 517.77
416715.0116 5346752.381 517.77
416715.2858 5346746.845 517.77
416714.9942 5346744.872 517.77
416716.7109 5346747.337 517.77
416719.1007 5346749.323 517.77
416718.8725 5346753.318 517.77
416720.9331 5346752.18 517.77
416723.6264 5346754.645 517.77
416723.2504 5346752.861 517.77
416719.1019 5346744.142 517.77
416716.9732 5346736.477 517.77
416712.2256 5346737.891 517.77
416710.8099 5346738.563 517.77
416701.6941 5346743.027 517.77
416695.099 5346745.844 517.77
416694.672113423 5346747.05266361 517.77
416693.2006 5346745.686 517.77
416691.4305 5346747.202 517.77
416690.5984 5346749.566 517.77
416692.6954 5346743.149 517.77
416693.0571 5346738.845 517.77
416692.5189 5346741.121 517.77
416690.5333 5346741.579 517.77
416690.7692 5346739.135 517.77
416688.9641 5346738.487 517.77
416691.5057 5346738.599 517.77
416692.933569217 5346734.33831583 517.77
416691.215941109 5346737.86239706 517.77
416688.6802 5346734.873 517.77
416689.8287 5346735.166 517.77
416693.07374764 5346734.19380654 517.77
416697.1443 5346737.074 517.77
416698.2877 5346736.341 517.77
416698.9549 5346738.701 517.77
416701.951540255 5346731.38219038 517.77
416706.9743 5346732.637 517.77
416709.2268 5346730.342 517.77
416711.5924 5346728.865 517.77
416715.2891 5346729.164 517.77
416715.2758 5346726.449 517.77
416713.099439881 5346725.91357009 517.77
416711.902987621 5346723.82736904 517.77
416707.743242377 5346725.87781416 517.77
416706.333908244 5346725.61606572 517.77
416704.7359 5346727.024 517.77
416704.161 5346728.32 517.77
416700.9046 5346727.62 517.77
416694.8971 5346728.772 517.77
416692.865096573 5346730.00951278 517.77
416690.4787 5346732.032 517.77
416686.8393 5346727.336 517.77
416689.7398 5346727.443 517.77
416692.1324 5346726.255 517.77
416697.6941 5346725.459 517.77
416703.027584626 5346723.6215603 517.77
416707.822280007 5346722.4772741 517.77
416710.023296368 5346721.82236503 517.77
416714.0469 5346719.64 517.77
416710.0761 5346718.071 517.77
416709.8574 5346719.241 517.77
416707.0231 5346717.405 517.77
416712.437443809 5346711.28506516 517.77
416711.4492 5346711.59638006 517.77
416711.994127219 5346711.73058233 517.77
416710.695130117 5346712.60215506 517.77
416707.6039 5346714.385 517.77
416705.2208 5346713.4 517.77
416699.3743 5346721.403 517.77
416693.65945261 5346722.44789061 517.77
416692.116 5346723.272 517.77
416688.2272 5346722.332 517.77
416687.0741 5346721.592 517.77
416688.0069 5346720.146 517.77
416688.9055 5346719.504 517.77
416686.1617 5346719.025 517.77
416685.8913 5346718.433 517.77
416682.504891864 5346718.13993748 517.77
416688.2319 5346717.437 517.77
416690.0271 5346716.243 517.77
416689.6068 5346716.119 517.77
416692.9129 5346718.729 517.77
416695.927344106 5346716.79099704 517.77
416694.9572 5346716.61 517.77
416693.1809 5346715.38 517.77
416690.0943 5346713.738 517.77
416694.482 5346711.812 517.77
416709.1732 5346698.32 517.77
416708.4569 5346701.245 517.77
416714.6519 5346701.445 517.77
416713.0643 5346705.214 517.77
416707.7491 5346707.315 517.77
416706.9112 5346704.847 517.77
416709.52715136 5346670.16401631 517.77
416705.1608 5346669.977 517.77
416705.263097298 5346668.09226923 517.77
416700.917 5346669.863 517.77
416696.2647 5346670.307 517.77
416697.8737 5346672.601 517.77
416699.7668 5346672.929 517.77
416700.7719 5346674.843 517.77
416696.790600041 5346677.83881838 517.77
416694.4572 5346674.953 517.77
416694.8467 5346673.06 517.77
416688.573079977 5346675.69851717 517.77
416692.4862 5346673.436 517.77
416692.9457 5346676.807 517.77
416693.6275 5346680.886 517.77
416689.3744 5346670.165 517.77
416689.357624221 5346670.98294884 517.77
416686.4407 5346670.759 517.77
416686.3102 5346672.283 517.77
416685.373865317 5346675.09114411 517.77
416695.1701 5346670 517.77
416683.827994848 5346708.00113462 517.77
416687.7465 5346705.345 517.77
416684.6311 5346700.068 517.77
416683.142751766 5346707.03849028 517.77
416687.177249966 5346699.30874716 517.77
416687.8137 5346700.657 517.77
416689.5335 5346698.594 517.77
416691.683512233 5346698.77439931 517.77
416692.796299632 5346702.37208047 517.77
416692.692706328 5346702.87715777 517.77
416694.6966 5346704.356 517.77
416698.841 5346703.476 517.77
416700.2157 5346703.395 517.77
416701.9251 5346704.692 517.77
416700.2157 5346703.395 517.77
416701.6918 5346805.184 517.77
416702.4639 5346804.509 517.77
416703.305 5346803.595 517.77
416701.1655 5346802.656 517.77
416701.1389 5346800.929 517.77
416706.519 5346802.57 517.77
416708.409646476 5346803.96597706 517.77
416709.8794 5346802.491 517.77
416710.805 5346803.526 517.77
416712.5343 5346803.284 517.77
416710.6472 5346800.272 517.77
416703.8119 5346797.998 517.77
416702.083922442 5346798.40664851 517.77
416713.4102 5346799.158 517.77
416713.1178 5346796.66 517.77
416717.2706 5346795.859 517.77
416718.9846 5346795.336 517.77
416720.0978 5346801.412 517.77
416724.7617 5346801.513 517.77
416726.6893 5346800.984 517.77
416729.3421 5346800.293 517.77
416730.455824522 5346799.74572451 517.77
416723.827439882 5346798.20071964 517.77
416724.117035137 5346796.73102372 517.77
416724.8489 5346796.632 517.77
416723.270829922 5346794.32922101 517.77
416724.62 5346794.1 517.77
416725.017027685 5346790.58035223 517.77
416728.749 5346793.311 517.77
416729.0545 5346792.992 517.77
416727.8095 5346785.134 517.77
416727.3568 5346783.666 517.77
416728.2996 5346780.666 517.77
416726.9504 5346778.577 517.77
416724.6117 5346779.715 517.77
416726.9504 5346778.577 517.77
416722.5057 5346785.901 517.77
416721.3695 5346784.45 517.77
416720.5505 5346783.686 517.77
416719.0944 5346780.919 517.77
416718.052095409 5346780.24915025 517.77
416716.2768 5346782.138 517.77
416715.5063 5346781.439 517.77
416715.382 5346784.483 517.77
416714.9512 5346786.918 517.77
416715.7437 5346787.407 517.77
416712.2047 5346788.454 517.77
416711.5115 5346784.283 517.77
416710.8076 5346784.893 517.77
416707.6591 5346788.603 517.77
416706.034867577 5346787.57317716 517.77
416705.2822 5346785.446 517.77
416702.9154 5346785.426 517.77
416703.9776 5346790.118 517.77
416703.0155 5346790.799 517.77
416703.0115 5346792.348 517.77
416703.9776 5346790.118 517.77
416699.0847 5346789.985 517.77
416699.410540178 5346786.75442991 517.77
416702.1466 5346783.197 517.77
416702.884 5346780.118 517.77
416705.929775559 5346780.48877458 517.77
416707.7913 5346780.306 517.77
416709.517279875 5346779.57624753 517.77
416710.105520237 5346779.73371495 517.77
416712.947098784 5346780.55784627 517.77
416713.312322896 5346780.66931795 517.77
416711.285848156 5346777.04282554 517.77
416710.8997 5346775.116 517.77
416707.5813 5346774.991 517.77
416697.195136474 5346783.38969504 517.77
416698.176985284 5346777.42710242 517.77
416701.5473 5346777.077 517.77
416701.3828 5346775.289 517.77
416699.7567 5346773.677 517.77
416698.9219 5346772.539 517.77
416696.7449 5346769.043 517.77
416697.6568 5346766.62 517.77
416697.8871 5346765.811 517.77
416696.3667 5346764.462 517.77
416701.143080163 5346763.84623543 517.77
416702.796048367 5346763.62126452 517.77
416702.889967578 5346762.26965097 517.77
416704.0188 5346762.772 517.77
416704.373802822 5346763.49764236 517.77
416704.0208 5346766.206 517.77
416704.5432 5346768.108 517.77
416711.908222728 5346770.18485654 517.77
416706.7612 5346765.635 517.77
416705.532114822 5346762.08320156 517.77
416709.711 5346766.679 517.77
416713.5936 5346776.541 517.77
416715.298 5346773.56 517.77
416719.410993163 5346776.68930842 517.77
416720.8708 5346776.921 517.77
416720.0801 5346775.114 517.77
416722.2664 5346772.82 517.77
416722.1726 5346768.666 517.77
416717.7672 5346767.761 517.77
416713.2402 5346761.348 517.77
416724.8799 5346763.376 517.77
416725.096286093 5346761.84958267 517.77
416725.903 5346767.702 517.77
416727.733939881 5346773.73823988 517.77
416728.932140251 5346773.52466338 517.77
416713.324 5346828.781 517.77
416711.3601 5346826.356 517.77
416711.5602 5346824.363 517.77
416712.6623 5346825.35 517.77
416704.409601036 5346809.88666289 517.77
416706.492 5346808.886 517.77
416703.823 5346813.842 517.77
416706.1981 5346814.36 517.77
416705.1879 5346816.908 517.77
416703.0197 5346822.208 517.77
416704.192135557 5346823.31156912 517.77
416707.639584865 5346811.95979334 517.77
416708.171834459 5346811.7882061 517.77
416708.787773458 5346812.88860287 517.77
416708.344467124 5346813.4393129 517.77
416709.564979108 5346814.7499081 517.77
416713.5604 5346809.687 517.77
416714.7162 5346810.858 517.77
416709.6361 5346821.224 517.77
416713.8295 5346818.25 517.77
416712.5199 5346815.754 517.77
416715.5317 5346814.082 517.77
416717.6541 5346816.49 517.77
416717.9271 5346813.401 517.77
416717.9721 5346805.31 517.77
416722.5313 5346808.371 517.77
416718.467064879 5346807.39539413 517.77
416720.7462 5346808.734 517.77
416722.5313 5346808.371 517.77
416720.326 5346814.739 517.77
416722.7007 5346815.388 517.77
416724.2779 5346815.583 517.77
416728.5524 5346806.321 517.77
416727.2666 5346809.244 517.77
416732.1112 5346809.461 517.77
416729.6363 5346814.821 517.77
416733.2984 5346812.638 517.77
416733.5228 5346817.373 517.77
416733.5228 5346817.373 517.77
416735.356 5346826.348 517.77
416734.5674 5346825.969 517.77
416735.22 5346828.692 517.77
416730.5626 5346821.515 517.77
416732.8578 5346829.067 517.77
416729.6648 5346832.023 517.77
416727.5631 5346831.493 517.77
416731.177888565 5346828.71207397 517.77
416731.6618 5346827.197 517.77
416734.249 5346830.849 517.77
416732.3379 5346832.023 517.77
416732.4663 5346834.239 517.77
416736.0831 5346834.448 517.77
416732.4663 5346834.239 517.77
416727.0148 5346835.599 517.77
416724.2263 5346835.428 517.77
416721.3879 5346830.76 517.77
416722.3441 5346831.082 517.77
416721.758 5346833.161 517.77
416719.1132 5346832.069 517.77
416717.698 5346832.799 517.77
416715.8681 5346833.477 517.77
416715.3778 5346834.9 517.77
416716.9769 5346837.758 517.77
416714.8448 5346837.191 517.77
416714.5449 5346836.563 517.77
416712.485725647 5346834.25502669 517.77
416711.573500593 5346835.89123988 517.77
416711.134 5346838.657 517.77
416709.3052 5346835.518 517.77
416706.4918 5346831.538 517.77
416703.8081 5346833.534 517.77
416705.0705 5346837.878 517.77
416706.3277 5346839.492 517.77
416798.80345169 5346795.1295248 517.77
416796.243910924 5346793.76881288 517.77
416798.576381183 5346796.7927249 517.77
416803.8634 5346790.961 517.77
416798.908 5346790.301 517.77
416801.6034 5346790.185 517.77
416804.455104459 5346788.37670409 517.77
416801.5924 5346786.382 517.77
416799.2543 5346784.145 517.77
416796.7011 5346782.703 517.77
416795.197957107 5346790.39649946 517.77
416793.5639 5346784.098 517.77
416795.6758 5346781.792 517.77
416796.3414 5346780.377 517.77
416798.296167974 5346780.0656851 517.77
416795.8022 5346778.258 517.77
416801.5265 5346781.411 517.77
416804.2868 5346781.31 517.77
416802.6276 5346778.57 517.77
416803.9118 5346777.557 517.77
416802.4059 5346775.364 517.77
416806.5781 5346786.947 517.77
416809.0479 5346787.673 517.77
416809.9026 5346791.885 517.77
416814.4101 5346787.282 517.77
416822.5617 5346787.777 517.77
416814.565080831 5346783.49262129 517.77
416813.8105 5346780.471 517.77
416821.1041 5346780.428 517.77
416820.7383 5346776.224 517.77
416820.215998008 5346777.02672424 517.77
416779.0646 5346787.542 517.77
416777.7365 5346787.117 517.77
416778.1675 5346789.568 517.77
416784.4762 5346790.809 517.77
416781.0804 5346794.143 517.77
416783.0627 5346794.334 517.77
416785.8612 5346793.43 517.77
416786.3112 5346794.238 517.77
416793.214944692 5346792.5707765 517.77
416792.6404 5346790.15 517.77
416782.279 5346782.502 517.77
416782.3743 5346780.025 517.77
416783.2779 5346781.007 517.77
416781.8803 5346774.252 517.77
416781.9843 5346773.096 517.77
416781.9843 5346773.096 517.77
416783.5209 5346773.053 517.77
416787.5695 5346771.46 517.77
416787.4601 5346774.729 517.77
416787.0569 5346780.527 517.77
416770.425 5346761.03 517.77
416766.432541549 5346759.85240867 517.77
416765.902220237 5346759.15376012 517.77
416762.526239881 5346757.88138006 517.77
416761.8818 5346757.8 517.77
416760.296817351 5346758.84792506 517.77
416763.786440178 5346762.82261994 517.77
416765.4366 5346764.085 517.77
416762.3589 5346765.78 517.77
416760.3146 5346764.67723988 517.77
416769.968 5346766.944 517.77
416770.4966 5346768.729 517.77
416776.2589 5346763.877 517.77
416777.951 5346764.526 517.77
416778.2447 5346762.958 517.77
416783.3831 5346761.178 517.77
416786.6715 5346757.854 517.77
416784.7106 5346753.246 517.77
416786.46379802 5346753.01887224 517.77
416779.1718 5346756.277 517.77
416784.3164 5346764.658 517.77
416785.6236 5346766.895 517.77
416784.7297 5346768.349 517.77
416771.6031 5346756.297 517.77
416772.3802 5346756.01 517.77
416763.8545 5346772.992 517.77
416789.196474174 5346783.16187199 517.77
416730.2084 5346657.223 517.77
416762.8773 5346832.807 517.77
416763.924891706 5346828.22661573 517.77
416759.091456845 5346834.7177862 517.77
416754.2778 5346834.901 517.77
416756.0088 5346830.394 517.77
416752.9214 5346827.285 517.77
416751.3654 5346823.18 517.77
416749.2578 5346820.949 517.77
416753.2285 5346819.781 517.77
416756.213468408 5346820.63180641 517.77
416755.777157867 5346820.94325844 517.77
416757.6342 5346818.716 517.77
416762.0349 5346820.614 517.77
416758.3973 5346825.113 517.77
416753.3997 5346835.681 517.77
416751.2589 5346824.481 517.77
416750.6276 5346821.95 517.77
416765.7682 5346814.301 517.77
416759.5301 5346810.743 517.77
416764.714491911 5346801.8779363 517.77
416759.4273 5346805.444 517.77
416760.6296 5346800.643 517.77
416756.636 5346801.884 517.77
416752.589235363 5346802.40786707 517.77
416745.039 5346807.18 517.77
416745.3337 5346803.872 517.77
416745.139343818 5346802.28214144 517.77
416743.5567 5346804.009 517.77
416737.658309689 5346803.36918039 517.77
416741.189808025 5346807.77504756 517.77
416736.45158948 5346805.7493776 517.77
416734.7502 5346802.535 517.77
416733.5228 5346817.373 517.77
416738.8139 5346819.539 517.77
416738.701996368 5346822.24395439 517.77
416739.8354 5346824.309 517.77
416740.41 5346825.378 517.77
416746.324313048 5346828.09524285 517.77
416747.106220237 5346828.25452024 517.77
416748.4918 5346829.567 517.77
416748.6532 5346830.92 517.77
416746.251 5346832.481 517.77
416744.6223 5346831.65 517.77
416743.7045 5346833.955 517.77
416744.3242 5346836.144 517.77
416745.3271 5346835.995 517.77
416741.4763 5346834.769 517.77
416740.288936535 5346835.13504209 517.77
416739.829 5346831.78 517.77
416740.752 5346831.358 517.77
416738.6201 5346830.809 517.77
416743.7568 5346816.836 517.77
416745.1901 5346817.658 517.77
416745.1776 5346819.082 517.77
416746.148178088 5346819.16958918 517.77
416745.7643 5346823.096 517.77
416746.5292 5346823.417 517.77
416748.2596 5346825.313 517.77
416748.2596 5346825.313 517.77
416763.0337 5346776.561 517.77
416765.384316383 5346776.20245283 517.77
416765.4749 5346774.657 517.77
416771.8204 5346777.106 517.77
416771.53 5346775.72 517.77
416773.8499 5346775.856 517.77
416772.9754 5346770.71 517.77
416772.4844 5346770.054 517.77
416774.8712 5346782.997 517.77
416770.6041 5346784.178 517.77
416764.5126 5346782.777 517.77
416763.3534 5346782.148 517.77
416762.7759 5346782.426 517.77
416767.9128 5346786.496 517.77
416772.4804 5346788.573 517.77
416773.6555 5346787.609 517.77
416774.0612 5346794.364 517.77
416770.25181583 5346792.94166621 517.77
416769.331 5346793.25 517.77
416766.3558 5346793.565 517.77
416766.056404248 5346790.63074133 517.77
416748.797019941 5346762.68385982 517.77
416748.930375975 5346759.15983883 517.77
416747.2247 5346758.6 517.77
416750.622162342 5346763.35567004 517.77
416750.226880356 5346768.46771965 517.77
416750.889985118 5346766.76743641 517.77
416750.661273239 5346767.05594278 517.77
416749.6734 5346771.859 517.77
416753.450493049 5346772.83888118 517.77
416754.109018071 5346758.42761173 517.77
416755.285565559 5346757.52953702 517.77
416758.791719972 5346760.98720913 517.77
416757.114572428 5346764.7858381 517.77
416757.942585403 5346766.50537049 517.77
416759.8093 5346772.936 517.77
416755.295 5346778.573 517.77
416752.9904 5346776.094 517.77
416757.6525 5346783.748 517.77
416757.7949 5346788.132 517.77
416756.9153 5346788.426 517.77
416756.9153 5346788.426 517.77
416758.4143 5346791.488 517.77
416756.2734 5346791.772 517.77
416759.913041664 5346796.5381065 517.77
416763.5391 5346797.112 517.77
416740.3196 5346795.938 517.77
416739.513357608 5346791.33538778 517.77
416736.5628 5346791.819 517.77
416737.725657304 5346796.59422536 517.77
416733.9255 5346799.765 517.77
416732.2166 5346795.009 517.77
416732.891 5346792.834 517.77
416734.1056 5346793.497 517.77
416732.891 5346792.834 517.77
416732.9768 5346791.981 517.77
416732.201105833 5346790.17001654 517.77
416736.4372 5346788.579 517.77
416730.4148 5346789.543 517.77
416743.9005 5346768.893 517.77
416766.0454 5346768.308 517.77
416767.2095 5346770.651 517.77
416770.4773 5346771.715 517.77
416776.6364 5346772.125 517.77
416777.7883 5346773.638 517.77
416778.0259 5346775.311 517.77
416780.061 5346766.798 517.77
416786.2072 5346761.776 517.77
416789.314 5346770.434 517.77
416773.2411 5346756.421 517.77
416739.9026 5346760.662 517.77
416742.8784 5346759.6 517.77
416741.5097 5346765.008 517.77
416738.5533 5346771.295 517.77
416744.087196923 5346774.09753078 517.77
416740.1316 5346779.307 517.77
416745.0861 5346780.856 517.77
416744.8391 5346793.564 517.77
416749.5883 5346798.088 517.77
416752.5185 5346798.797 517.77
416754.8027 5346795.919 517.77
416751.9863 5346791.767 517.77
416754.9108 5346786.892 517.77
416750.1837 5346779.521 517.77
416752.8362 5346779.237 517.77
416747.2007 5346774.407 517.77
416733.036437618 5346783.81832477 517.77
416732.9548 5346782.889 517.77
416730.261943308 5346781.03083184 517.77
416729.0289 5346775.216 517.77
416728.9855 5346772.383 517.77
416729.0395 5346769.91 517.77
416729.223 5346767.975 517.77
416732.3488 5346773.167 517.77
416730.0426 5346760.349 517.77
416726.6299 5346759.909 517.77
416727.6981 5346760.687 517.77
416739.871008105 5346655.7222377 517.77
416740.4596 5346650.728 517.77
416737.8484 5346650.607 517.77
416741.0386 5346648.36 517.77
416735.465897946 5346645.1573591 517.77
416734.3927 5346633.48 517.77
416746.3299 5346634.352 517.77
416747.2029 5346635.722 517.77
416747.419395848 5346640.3943149 517.77
416744.4329 5346639.575 517.77
416747.737950629 5346639.73548569 517.77
416749.2613 5346640.597 517.77
416746.9579 5346645.163 517.77
416748.2288 5346652.305 517.77
416752.539175119 5346652.52610744 517.77
416754.024499393 5346654.75786862 517.77
416754.6873 5346652.545 517.77
416756.0838 5346651.429 517.77
416757.9567 5346650.908 517.77
416747.064641661 5346639.60516783 517.77
416726.9546 5346658.081 517.77
416728.2488 5346649.657 517.77
416732.0215 5346648.187 517.77
416731.6504 5346639.465 517.77
416726.984 5346639.434 517.77
416723.6803 5346639.071 517.77
416725.2646 5346633.288 517.77
416716.1558 5346638.629 517.77
416712.5731 5346639.627 517.77
416712.2968 5346640.622 517.77
416718.1476 5346641.904 517.77
416719.3622 5346648.034 517.77
416719.5396 5346651.876 517.77
416718.5368 5346651.72 517.77
416716.6852 5346652.558 517.77
416715.6416 5346648.494 517.77
416714.1594 5346645.107 517.77
416712.1687 5346643.785 517.77
416708.0796 5346640.185 517.77
416707.5836 5346640.227 517.77
416709.9099 5346643.864 517.77
416712.1687 5346643.785 517.77
416711.506771638 5346647.20078575 517.77
416714.129482209 5346652.24025989 517.77
416714.0474 5346654.144 517.77
416719.5536 5346659.283 517.77
416714.0732 5346662.404 517.77
416711.7432 5346661.336 517.77
416710.5016 5346657.023 517.77
416709.975 5346658.536 517.77
416707.6299 5346656.325 517.77
416707.591 5346651.198 517.77
416707.162 5346648.431 517.77
416708.305960808 5346647.93051918 517.77
416704.2178 5346645.359 517.77
416734.5676 5346654.808 517.77
416712.4976 5346666.964 517.77
416718.5385 5346667.712 517.77
416719.1668 5346668.377 517.77
416715.8762 5346671.344 517.77
416718.1495 5346673.156 517.77
416716.4375 5346675.882 517.77
416719.6686 5346675.992 517.77
416724.6788 5346676.662 517.77
416725.8558 5346672.09 517.77
416721.5463 5346685.142 517.77
416718.3823 5346684.506 517.77
416716.9774 5346686.335 517.77
416720.4873 5346687.305 517.77
416719.3915 5346690.927 517.77
416716.5811 5346692.179 517.77
416719.4189 5346698.125 517.77
416718.3097 5346701.659 517.77
416722.4343 5346702.504 517.77
416729.9677 5346701.839 517.77
416731.7632 5346698.017 517.77
416736.5742 5346701.378 517.77
416734.6866 5346697.662 517.77
416739.2959 5346696.523 517.77
416742.905508488 5346695.55923523 517.77
416745.3905 5346700.457 517.77
416739.2272 5346693.38 517.77
416739.0153 5346689.522 517.77
416740.4814 5346681.825 517.77
416740.689845401 5346673.4946663 517.77
416739.4479 5346670.125 517.77
416737.4536 5346668.469 517.77
416734.9604 5346670.973 517.77
416733.1093 5346673.939 517.77
416735.365661007 5346678.63205172 517.77
416734.2474 5346689.304 517.77
416727.032930356 5346693.94450121 517.77
416728.3494 5346689.177 517.77
416730.2002 5346681.051 517.77
416737.8602 5346661.984 517.77
416712.6023 5346674.811 517.77
NA NA 517.77
NA NA 517.77
NA NA 517.77
NA NA 517.77
NA NA 517.77
NA NA 517.77
NA NA 517.77
NA NA 517.77
NA NA 517.77
NA NA 517.77
NA NA 517.77
NA NA 517.77
NA NA 517.77
NA NA 517.77
NA NA 517.77
NA NA 517.77
NA NA 517.77
NA NA 517.77
NA NA 517.77
NA NA 517.77
NA NA 517.77
NA NA 517.77
NA NA 517.77
NA NA 517.77
NA NA 517.77
NA NA 517.77
